name;Island;Agro;island@agro.net;31
G;135000.0
F;5.0;10.0;45.0;35.0;Betterave;550.0
F;60.0;5.0;95.0;40.0;Luzerne;400.0
F;25.0;55.0;75.0;85.0;Tomates;620.0
F;5.0;75.0;20.0;95.0;Carottes;310.0
F;80.0;60.0;100.0;90.0;Pommes;750.0
F;5.0;40.0;20.0;50.0;Salades;210.0
F;30.0;5.0;55.0;8.0;Fraises;450.0
F;30.0;90.0;70.0;98.0;Oignons;380.0
F;80.0;45.0;95.0;55.0;Poireaux;290.0
F;45.0;40.0;55.0;50.0;Maïs Bio;890.0
W;25.0;22.0;180.0;160.0
W;77.0;22.0;180.0;145.0
W;50.0;70.0;200.0;175.0
W;10.0;50.0;120.0;110.0
W;90.0;50.0;120.0;85.0
W;50.0;5.0;150.0;130.0
W;5.0;5.0;90.0;80.0
W;95.0;5.0;90.0;75.0
W;5.0;95.0;90.0;85.0
W;95.0;95.0;90.0;60.0
W;50.0;38.0;110.0;95.0
W;50.0;52.0;110.0;100.0
S;15.0;22.0;14.0;2.5
S;35.0;22.0;14.0;2.5
S;67.0;22.0;14.0;2.5
S;87.0;22.0;14.0;2.5
S;40.0;70.0;16.0;2.8
S;60.0;70.0;16.0;2.8
S;50.0;50.0;10.0;2.0
S;12.0;12.0;12.0;2.2
S;28.0;15.0;15.0;2.6
S;70.0;12.0;12.0;2.2
S;85.0;18.0;15.0;2.6
S;12.0;85.0;10.0;1.8
S;35.0;60.0;14.0;2.4
S;65.0;60.0;14.0;2.4
S;90.0;75.0;12.0;2.2
S;50.0;35.0;18.0;3.0
S;50.0;90.0;15.0;2.5
S;8.0;45.0;12.0;2.0
S;18.0;45.0;12.0;2.0
S;42.0;6.0;10.0;1.8
S;88.0;50.0;11.0;2.1
S;48.0;45.0;10.0;1.9
S;2.0;50.0;8.0;1.5
S;98.0;50.0;8.0;1.5
S;28.0;94.0;12.0;2.3
S;72.0;94.0;12.0;2.3
S;55.0;80.0;14.0;2.5
S;45.0;80.0;14.0;2.5
S;20.0;65.0;15.0;2.7
S;80.0;35.0;15.0;2.7
