name;Dupont;Jean;jean.dupont@farm.fr;35
G;250000.0
F;35.0;0.0;70.0;35.0;Maïs;650.0
F;70.0;0.0;100.0;35.0;Pommes de terre;450.0
F;0.0;35.0;30.0;65.0;Orge;380.0
F;30.0;35.0;75.0;65.0;Colza;720.0
F;75.0;35.0;100.0;65.0;Tournesol;290.0
F;0.0;65.0;40.0;100.0;Sja;410.0
F;40.0;65.0;70.0;100.0;Betterave;580.0
F;70.0;65.0;100.0;100.0;Luzerne;330.0
W;5.0;5.0;150.0;120.0
W;15.0;8.0;120.0;90.0
W;28.0;4.0;200.0;170.0
W;42.0;6.0;150.0;110.0
W;55.0;12.0;130.0;85.0
W;68.0;5.0;180.0;140.0
W;82.0;9.0;150.0;105.0
W;95.0;4.0;220.0;195.0
W;8.0;22.0;110.0;75.0
W;22.0;18.0;160.0;130.0
W;35.0;25.0;140.0;95.0
W;50.0;20.0;250.0;210.0
W;62.0;28.0;130.0;80.0
W;78.0;19.0;170.0;125.0
W;90.0;26.0;150.0;115.0
W;4.0;48.0;190.0;160.0
W;18.0;42.0;120.0;85.0
W;32.0;52.0;160.0;140.0
W;48.0;45.0;200.0;155.0
W;65.0;49.0;140.0;90.0
W;74.0;41.0;180.0;135.0
W;88.0;55.0;130.0;70.0
W;96.0;44.0;210.0;180.0
W;7.0;72.0;150.0;110.0
W;25.0;68.0;170.0;125.0
W;38.0;75.0;130.0;95.0
W;52.0;66.0;220.0;190.0
W;67.0;78.0;160.0;115.0
W;84.0;70.0;140.0;85.0
W;93.0;76.0;180.0;150.0
W;12.0;92.0;200.0;165.0
W;30.0;88.0;150.0;100.0
W;45.0;95.0;170.0;130.0
W;58.0;88.0;130.0;75.0
W;72.0;94.0;190.0;145.0
W;87.0;91.0;160.0;120.0
W;19.0;60.0;140.0;105.0
W;59.0;58.0;180.0;140.0
W;81.0;62.0;150.0;95.0
W;40.0;38.0;200.0;160.0
S;2.0;2.0;15.0;3.0
S;10.0;6.0;12.0;2.5
S;18.0;4.0;12.0;2.5
S;25.0;9.0;15.0;3.0
S;32.0;3.0;10.0;2.0
S;40.0;8.0;12.0;2.5
S;48.0;14.0;15.0;3.0
S;58.0;6.0;12.0;2.5
S;66.0;10.0;10.0;2.0
S;75.0;4.0;15.0;3.0
S;85.0;8.0;12.0;2.5
S;92.0;12.0;15.0;3.0
S;5.0;18.0;12.0;2.5
S;14.0;24.0;15.0;3.0
S;28.0;20.0;12.0;2.5
S;36.0;16.0;10.0;2.0
S;44.0;22.0;15.0;3.0
S;54.0;26.0;12.0;2.5
S;64.0;18.0;12.0;2.5
S;72.0;24.0;15.0;3.0
S;84.0;20.0;10.0;2.0
S;94.0;28.0;15.0;3.0
S;10.0;38.0;12.0;2.5
S;20.0;48.0;15.0;3.0
S;30.0;40.0;12.0;2.5
S;42.0;46.0;10.0;2.0
S;52.0;52.0;15.0;3.0
S;60.0;42.0;12.0;2.5
S;70.0;46.0;12.0;2.5
S;80.0;50.0;15.0;3.0
S;90.0;42.0;10.0;2.0
S;6.0;64.0;15.0;3.0
S;15.0;70.0;12.0;2.5
S;24.0;66.0;12.0;2.5
S;34.0;72.0;15.0;3.0
S;46.0;68.0;10.0;2.0
S;56.0;74.0;15.0;3.0
S;64.0;66.0;12.0;2.5
S;76.0;72.0;12.0;2.5
S;86.0;68.0;15.0;3.0
S;95.0;70.0;10.0;2.0
S;8.0;86.0;15.0;3.0
S;18.0;94.0;12.0;2.5
S;26.0;88.0;12.0;2.5
S;38.0;92.0;15.0;3.0
S;48.0;86.0;10.0;2.0
S;54.0;96.0;15.0;3.0
S;66.0;90.0;12.0;2.5
S;78.0;94.0;12.0;2.5
S;88.0;86.0;15.0;3.0
S;94.0;94.0;10.0;2.0
