name;Hamilton;Lewis;lewis.hamilton@farm.uk;44
G;500000.0
F;0.0;0.0;50.0;50.0;Blé d'hiver;850.0
F;50.0;0.0;120.0;50.0;Orge de brasserie;920.0
F;0.0;50.0;60.0;120.0;Colza;780.0
F;60.0;50.0;120.0;120.0;Maïs Ensilage;1100.0
W;10.0;15.0;300.0;280.0
W;45.0;25.0;250.0;210.0
W;85.0;35.0;300.0;290.0
W;25.0;75.0;400.0;350.0
W;70.0;95.0;350.0;310.0
W;105.0;65.0;250.0;225.0
S;12.0;12.0;25.0;4.5
S;35.0;18.0;20.0;3.5
S;55.0;30.0;22.0;4.0
S;78.0;22.0;25.0;4.5
S;95.0;15.0;20.0;3.5
S;15.0;65.0;22.0;4.0
S;40.0;80.0;25.0;4.5
S;65.0;70.0;20.0;3.5
S;88.0;90.0;22.0;4.0
S;110.0;75.0;25.0;4.5
