name;Martinez;Sophie;sophie.martinez@agro.es;28
G;120000.0
F;0.0;0.0;40.0;40.0;Tomates Plein Champ;320.0
F;40.0;0.0;80.0;40.0;Pois Chiches;410.0
F;0.0;40.0;40.0;80.0;Lentilles;290.0
F;40.0;40.0;80.0;80.0;Tournesol;600.0
W;20.0;20.0;150.0;135.0
W;60.0;15.0;180.0;160.0
W;15.0;65.0;140.0;110.0
W;65.0;60.0;160.0;145.0
S;8.0;12.0;12.0;2.0
S;24.0;8.0;10.0;1.8
S;35.0;28.0;15.0;2.5
S;52.0;14.0;12.0;2.0
S;72.0;22.0;10.0;1.8
S;14.0;48.0;15.0;2.5
S;28.0;68.0;12.0;2.0
S;50.0;52.0;10.0;1.8
S;68.0;46.0;15.0;2.5
S;74.0;72.0;12.0;2.0
